GRAPH NODES
0
1
2
3
4
5
6
7
8
9
10
11
12
13
14
15
16
17
18
19
20
21
22
23
24
25
26
27
28
29
30
31
32
33
34
35
36
37
38
39
40
41
42
43
44
45
46
47
48
49
50
51
52
53
54
55
56
57
58
59
60
61
62
63
64
65
66
67
68
69
70
71
72
73
74
75
76
77
78
79
80
81
82
83
84
85
86
87
88
89
90
91
92
93
94
95
96
97
98
99
100
101
102
103
104
105
106
107
108
109
110
111
112
113
114
115
116
117
118
119
120
121
122
123
124
125
126
127
128
129
130
131
132
133
134
135
136
137
138
139
140
141
142
143
144
145
146
147
148
149
150
151
152
153
154
155
156
157
158
159
160
161
162
163
164
165
166
167
168
169
170
171
172
173
174
175
176
177
178
179
180
181
182
183
184
185
186
187
188
189
190
191
192
193
194
195
196
197
198
199
200
201
202
203
204
205
206
207
208
209
210
211
212
213
214
215
216
217
218
219
220
221
222
223
224
225
226
227
228
229
230
231
232
233
234
235
236
237
238
239
240
241
242
243
244
245
246
247
248
249
250
251
252
253
254
255
256
257
258
259
260
261
262
263
264
265
266
267
268
269
270
271
272
273
274
275
276
277
278
279
280
281
282
283
284
285
286
287
288
289
290
291
292
293
294
295
296
297
298
299
300
301
302
303
304
305
306
307
308
309
310
311
312
313
314
315
316
317
318
319
320
321
322
323
324
325
326
327
328
329
330
331
332
333
334
335
336
337
338
339
340
341
342
343
344
345
346
347
348
349
350
351
352
353
354
355
356
357
358
359
360
361
362
363
364
365
366
367
368
369
370
371
372
373
374
375
376
377
378
379
380
381
382
383
384
385
386
387
388
389
390
391
392
393
394
395
396
397
398
399
400
401
402
403
404
405
406
407
408
409
410
411
412
413
414
415
416
417
418
419
420
421
422
423
424
425
426
427
428
429
430
431
432
433
434
435
436
437
438
439
440
441
442
443
444
445
446
447
448
449
450
451
452
453
454
455
456
457
458
459
460
461
462
463
464
465
466
467
468
469
470
471
472
473
474
475
476
477
478
479
480
481
482
483
484
485
486
487
488
489
490
491
492
493
494
495
496
497
498
499
500
501
502
503
504
505
506
507
508
509
510
511
512
513
514
515
516
517
518
519
520
521
522
523
524
525
526
527
528
529
530
531
532
533
534
535
536
537
538
539
540
541
542
543
544
545
546
547
548
549
550
551
552
553
554
555
556
557
558
559
560
561
562
563
564
565
566
567
568
569
570
571
572
573
574
575
576
577
578
579
580
581
582
583
584
585
586
587
588
589
590
591
592
593
594
595
596
597
598
599
600
601
602
603
604
605
606
607
608
609
610
611
612
613
614
615
616
617
618
619
620
621
622
623
624
625
626
627
628
629
630
631
632
633
634
635
636
637
638
639
640
641
642
643
644
645
646
647
648
649
650
651
652
653
654
655
656
657
658
659
660
661
662
663
664
665
666
667
668
669
670
671
672
673
674
675
676
677
678
679
680
681
682
683
684
685
686
687
688
689
690
691
692
693
694
695
696
697
698
699
700
701
702
703
704
705
706
707
708
709
710
711
712
713
714
715
716
717
718
719
720
721
722
723
724
725
726
727
728
729
730
731
732
733
734
735
736
737
738
739
740
741
742
743
744
745
746
747
748
749
750
751
752
753
754
755
756
757
758
759
760
761
762
763
764
765
766
767
768
769
770
771
772
773
774
775
776
777
778
779
780
781
782
783
784
785
786
787
788
789
790
791
792
793
794
795
796
797
798
799
800
801
802
803
804
805
806
807
808
809
810
811
812
813
814
815
816
817
818
819
820
821
822
823
824
825
826
827
828
829
830
831
832
833
834
835
836
837
838
839
840
841
842
843
844
845
846
847
848
849
850
851
852
853
854
855
856
857
858
859
860
861
862
863
864
865
866
867
868
869
870
871
872
873
874
875
876
877
878
879
880
881
882
883
884
885
886
887
888
889
890
891
892
893
894
895
896
897
898
899
900
901
902
903
904
905
906
907
908
909
910
911
912
913
914
915
916
917
918
919
920
921
922
923
924
925
926
927
928
929
930
931
932
933
934
935
936
937
938
939
940
941
942
943
944
945
946
947
948
949
950
951
952
953
954
955
956
957
958
959
960
961
962
963
964
965
966
967
968
969
970
971
972
973
974
975
976
977
978
979
980
981
982
983
984
985
986
987
988
989
990
991
992
993
994
995
996
997
998
999
GRAPH EDGES
(316, 956, 278)
(658, 867, 615)
(634, 977, 1992)
(218, 319, 1281)
(395, 388, 869)
(812, 915, 226)
(390, 419, 471)
(746, 696, 1634)
(446, 657, 1142)
(467, 57, 1532)
(55, 872, 756)
(569, 463, 622)
(642, 495, 882)
(271, 19, 1064)
(515, 474, 1184)
(731, 77, 1981)
(277, 653, 1216)
(810, 713, 1286)
(327, 879, 347)
(297, 538, 1368)
(136, 920, 1630)
(563, 348, 1267)
(980, 694, 222)
(581, 601, 1365)
(927, 676, 1933)
(732, 874, 101)
(15, 30, 1375)
(475, 934, 81)
(899, 373, 1704)
(167, 804, 113)
(496, 950, 792)
(852, 635, 948)
(463, 599, 645)
(126, 56, 394)
(273, 367, 855)
(255, 601, 1206)
(973, 962, 206)
(815, 436, 126)
(193, 77, 1547)
(411, 946, 1553)
(889, 175, 953)
(303, 128, 372)
(865, 710, 1909)
(641, 900, 544)
(329, 970, 1832)
(309, 164, 1653)
(916, 508, 1570)
(921, 833, 1304)
(457, 5, 664)
(850, 648, 1557)
(707, 986, 1957)
(301, 704, 1901)
(731, 439, 1358)
(513, 888, 191)
(251, 649, 600)
(957, 413, 681)
(971, 43, 1646)
(577, 871, 671)
(147, 733, 1218)
(169, 930, 1115)
(900, 641, 544)
(334, 274, 1112)
(726, 969, 1682)
(154, 617, 454)
(748, 722, 1688)
(674, 813, 1825)
(437, 863, 759)
(505, 711, 979)
(549, 277, 1245)
(36, 739, 1208)
(392, 22, 1021)
(720, 494, 644)
(900, 961, 180)
(754, 357, 1675)
(225, 660, 1446)
(828, 942, 1686)
(979, 136, 503)
(572, 764, 344)
(895, 658, 955)
(396, 288, 1047)
(91, 931, 1226)
(914, 344, 1420)
(608, 339, 713)
(111, 725, 219)
(19, 644, 827)
(366, 93, 1004)
(314, 937, 1213)
(488, 42, 60)
(83, 960, 209)
(597, 260, 346)
(815, 445, 1455)
(157, 962, 325)
(178, 225, 1816)
(860, 602, 706)
(822, 988, 1725)
(328, 432, 781)
(382, 839, 302)
(915, 362, 196)
(347, 733, 715)
(991, 28, 95)
(719, 955, 239)
(667, 378, 531)
(297, 507, 486)
(889, 113, 1214)
(210, 153, 1348)
(981, 731, 1042)
(139, 456, 1111)
(266, 387, 394)
(177, 288, 1732)
(270, 734, 1533)
(342, 976, 1520)
(128, 615, 309)
(346, 543, 1807)
(149, 799, 805)
(240, 179, 1772)
(551, 407, 1287)
(812, 784, 1636)
(264, 262, 728)
(472, 74, 765)
(548, 384, 1948)
(196, 36, 209)
(26, 399, 572)
(951, 414, 812)
(940, 464, 76)
(514, 319, 1021)
(645, 432, 1197)
(221, 896, 124)
(902, 395, 1957)
(386, 450, 1379)
(164, 216, 1229)
(194, 980, 1948)
(284, 3, 1590)
(855, 425, 1739)
(416, 454, 278)
(896, 327, 395)
(181, 202, 821)
(823, 655, 333)
(55, 122, 1053)
(189, 153, 900)
(176, 677, 1637)
(352, 227, 1883)
(812, 412, 1890)
(705, 382, 891)
(941, 704, 1508)
(943, 172, 393)
(880, 331, 1623)
(505, 400, 524)
(308, 612, 745)
(179, 412, 1129)
(915, 678, 798)
(218, 442, 1922)
(976, 584, 1749)
(664, 60, 1754)
(341, 481, 1961)
(483, 553, 1713)
(505, 257, 83)
(451, 134, 811)
(567, 811, 611)
(694, 779, 999)
(20, 580, 1424)
(111, 944, 191)
(276, 91, 152)
(519, 489, 702)
(103, 788, 240)
(775, 462, 1341)
(652, 129, 1778)
(410, 737, 663)
(634, 547, 1561)
(417, 592, 1224)
(126, 194, 1756)
(435, 292, 326)
(272, 642, 457)
(310, 261, 1044)
(592, 417, 1224)
(901, 697, 1850)
(298, 654, 808)
(888, 429, 141)
(706, 204, 895)
(136, 711, 561)
(812, 167, 1163)
(375, 475, 1888)
(527, 462, 931)
(569, 265, 1983)
(119, 127, 1625)
(4, 781, 1359)
(424, 824, 261)
(645, 458, 535)
(408, 188, 284)
(194, 918, 627)
(110, 727, 1778)
(411, 594, 1465)
(430, 88, 240)
(360, 575, 981)
(752, 860, 714)
(401, 981, 706)
(512, 101, 453)
(787, 665, 871)
(654, 352, 1959)
(526, 669, 409)
(868, 898, 1297)
(851, 257, 831)
(944, 429, 769)
(522, 456, 896)
(892, 24, 1981)
(341, 441, 1091)
(161, 547, 478)
(504, 694, 189)
(402, 569, 881)
(718, 542, 827)
(704, 941, 1508)
(991, 622, 234)
(482, 225, 1483)
(762, 828, 139)
(703, 415, 1337)
(355, 857, 149)
(233, 368, 1209)
(413, 215, 524)
(584, 893, 600)
(697, 620, 539)
(489, 932, 1823)
(843, 853, 703)
(25, 990, 541)
(609, 672, 530)
(947, 893, 1320)
(74, 868, 666)
(781, 454, 1783)
(707, 290, 228)
(546, 518, 1255)
(871, 544, 123)
(457, 889, 1163)
(737, 500, 922)
(804, 261, 195)
(547, 43, 1843)
(806, 170, 456)
(528, 647, 1867)
(59, 454, 1307)
(919, 393, 354)
(426, 213, 1632)
(82, 38, 1281)
(724, 905, 1751)
(615, 834, 1479)
(194, 857, 1464)
(857, 194, 1464)
(397, 980, 895)
(415, 407, 959)
(387, 153, 1757)
(578, 755, 1235)
(6, 360, 1936)
(742, 29, 774)
(481, 341, 1961)
(910, 690, 1388)
(620, 697, 539)
(452, 782, 1530)
(70, 213, 1945)
(53, 131, 220)
(471, 660, 832)
(926, 218, 226)
(3, 284, 1590)
(884, 198, 527)
(977, 428, 1917)
(992, 894, 1289)
(732, 982, 1019)
(338, 584, 1250)
(691, 513, 1073)
(28, 761, 184)
(983, 242, 958)
(819, 385, 1280)
(383, 168, 927)
(826, 628, 1357)
(275, 230, 1721)
(539, 629, 1447)
(611, 576, 1566)
(352, 413, 1620)
(815, 949, 1736)
(9, 585, 1987)
(943, 202, 1059)
(761, 841, 1802)
(567, 718, 418)
(91, 542, 704)
(664, 1, 411)
(60, 449, 590)
(445, 592, 1294)
(422, 216, 982)
(697, 298, 1252)
(853, 884, 1173)
(927, 616, 1493)
(162, 393, 1822)
(436, 314, 1389)
(630, 944, 314)
(846, 856, 1303)
(205, 421, 188)
(155, 106, 463)
(599, 32, 261)
(470, 549, 1221)
(236, 61, 408)
(107, 440, 652)
(456, 368, 1246)
(735, 416, 1550)
(167, 180, 578)
(613, 265, 684)
(61, 92, 208)
(407, 389, 1097)
(172, 193, 1520)
(959, 615, 119)
(411, 846, 911)
(160, 206, 614)
(950, 496, 792)
(505, 425, 608)
(793, 960, 1893)
(113, 867, 1709)
(387, 444, 1245)
(98, 524, 1364)
(335, 274, 1289)
(669, 526, 409)
(928, 542, 1201)
(412, 428, 309)
(318, 876, 1254)
(507, 291, 1502)
(839, 866, 764)
(953, 522, 1991)
(129, 899, 685)
(495, 728, 857)
(593, 892, 1448)
(942, 828, 1686)
(336, 73, 467)
(841, 981, 952)
(154, 957, 1277)
(760, 396, 1828)
(266, 364, 1154)
(195, 414, 604)
(736, 101, 1993)
(584, 513, 638)
(457, 580, 1221)
(350, 115, 1789)
(794, 144, 646)
(335, 575, 334)
(216, 164, 1229)
(923, 316, 404)
(9, 665, 1131)
(945, 292, 1939)
(50, 375, 1044)
(235, 132, 464)
(790, 486, 935)
(58, 979, 865)
(403, 625, 402)
(244, 513, 1398)
(499, 315, 1201)
(706, 362, 717)
(601, 909, 839)
(448, 727, 925)
(797, 766, 691)
(586, 634, 1632)
(878, 483, 1751)
(623, 723, 116)
(534, 831, 1040)
(259, 667, 1415)
(425, 855, 1739)
(484, 86, 308)
(392, 483, 1888)
(444, 841, 178)
(929, 295, 1724)
(452, 231, 83)
(350, 235, 326)
(385, 997, 1352)
(888, 643, 1763)
(775, 261, 1840)
(899, 218, 1784)
(446, 787, 673)
(805, 874, 1411)
(341, 492, 814)
(676, 769, 663)
(676, 927, 1933)
(623, 506, 871)
(550, 814, 991)
(612, 653, 1258)
(573, 647, 1445)
(176, 17, 1386)
(116, 214, 1379)
(852, 984, 149)
(980, 194, 1948)
(658, 712, 560)
(610, 402, 1713)
(794, 485, 100)
(894, 477, 1061)
(291, 507, 1502)
(71, 196, 1572)
(642, 768, 1903)
(755, 578, 1235)
(627, 313, 776)
(510, 927, 1463)
(955, 719, 239)
(416, 550, 1938)
(563, 148, 1003)
(378, 281, 1333)
(745, 401, 1589)
(107, 240, 436)
(613, 985, 996)
(200, 312, 1489)
(881, 390, 724)
(220, 126, 1793)
(20, 3, 1200)
(864, 692, 380)
(441, 204, 1764)
(559, 767, 1182)
(890, 105, 721)
(944, 706, 1786)
(984, 494, 1102)
(985, 480, 1427)
(931, 124, 778)
(523, 854, 301)
(145, 364, 618)
(738, 376, 932)
(548, 777, 1951)
(468, 239, 944)
(867, 814, 1673)
(300, 85, 1800)
(212, 858, 1546)
(858, 212, 1546)
(180, 899, 1315)
(158, 604, 1170)
(382, 707, 1612)
(580, 273, 573)
(632, 942, 1779)
(670, 255, 637)
(546, 268, 1374)
(857, 79, 405)
(470, 988, 1532)
(622, 713, 424)
(58, 876, 649)
(438, 821, 703)
(2, 634, 1879)
(538, 239, 1259)
(739, 111, 1260)
(831, 509, 1082)
(399, 850, 1370)
(230, 614, 905)
(359, 326, 84)
(749, 239, 1245)
(180, 673, 932)
(487, 999, 1041)
(970, 185, 1310)
(453, 659, 356)
(918, 329, 427)
(146, 393, 1415)
(117, 432, 315)
(428, 471, 433)
(799, 149, 805)
(378, 147, 1207)
(651, 924, 1163)
(116, 150, 1087)
(587, 176, 1089)
(143, 828, 1091)
(561, 282, 1615)
(312, 200, 1489)
(989, 658, 479)
(901, 837, 842)
(350, 213, 1301)
(702, 14, 1078)
(261, 241, 1004)
(357, 754, 1675)
(691, 238, 1670)
(768, 642, 1903)
(141, 241, 678)
(473, 379, 185)
(1, 422, 160)
(76, 747, 272)
(203, 501, 1872)
(186, 761, 195)
(216, 422, 982)
(968, 77, 173)
(566, 888, 887)
(290, 754, 1678)
(699, 312, 475)
(358, 219, 990)
(862, 873, 1894)
(684, 556, 780)
(810, 883, 1425)
(555, 714, 1228)
(522, 953, 1991)
(317, 214, 1722)
(580, 757, 844)
(193, 659, 710)
(100, 547, 1099)
(876, 307, 1723)
(363, 565, 543)
(549, 470, 1221)
(513, 932, 530)
(459, 843, 1508)
(254, 331, 136)
(852, 204, 118)
(525, 301, 1732)
(85, 160, 1176)
(982, 406, 1873)
(108, 954, 1867)
(307, 154, 88)
(362, 582, 493)
(861, 778, 533)
(860, 822, 464)
(793, 384, 1807)
(758, 178, 1343)
(942, 512, 1857)
(447, 308, 210)
(981, 401, 706)
(486, 977, 647)
(584, 976, 1749)
(694, 832, 1779)
(272, 103, 1740)
(424, 626, 1718)
(641, 450, 1957)
(2, 733, 1929)
(57, 467, 1532)
(224, 853, 542)
(647, 698, 1676)
(541, 286, 1968)
(193, 176, 1109)
(193, 763, 1696)
(506, 764, 1076)
(342, 110, 929)
(416, 657, 1230)
(219, 42, 1073)
(917, 831, 1575)
(470, 5, 162)
(658, 611, 1400)
(758, 491, 870)
(775, 75, 1107)
(852, 868, 333)
(686, 919, 103)
(800, 834, 1615)
(267, 429, 1418)
(783, 502, 204)
(345, 43, 869)
(292, 435, 326)
(760, 654, 323)
(576, 697, 1524)
(385, 493, 1241)
(23, 997, 348)
(315, 441, 1306)
(854, 782, 1492)
(161, 90, 878)
(143, 93, 357)
(273, 3, 1745)
(567, 544, 1150)
(948, 550, 1077)
(461, 25, 1129)
(434, 472, 1193)
(591, 229, 1145)
(39, 744, 1608)
(996, 128, 822)
(879, 327, 347)
(544, 438, 1295)
(102, 425, 1098)
(297, 629, 685)
(655, 823, 333)
(5, 457, 664)
(418, 616, 1094)
(508, 749, 715)
(952, 892, 738)
(963, 235, 1251)
(6, 675, 1161)
(98, 704, 1715)
(561, 99, 1028)
(874, 852, 1734)
(263, 682, 833)
(141, 169, 1758)
(195, 752, 1672)
(966, 465, 1993)
(723, 170, 842)
(504, 634, 1476)
(742, 557, 1039)
(609, 537, 490)
(543, 448, 1915)
(976, 491, 1886)
(280, 744, 785)
(871, 794, 809)
(100, 712, 1854)
(728, 177, 146)
(290, 347, 1899)
(912, 250, 325)
(609, 823, 54)
(949, 893, 776)
(567, 290, 1658)
(680, 506, 1279)
(167, 812, 1163)
(130, 269, 1793)
(459, 449, 694)
(847, 680, 423)
(461, 872, 1980)
(431, 99, 1321)
(301, 308, 999)
(821, 687, 248)
(267, 51, 1405)
(72, 339, 996)
(676, 989, 474)
(659, 127, 223)
(616, 187, 928)
(917, 880, 1829)
(166, 157, 278)
(612, 360, 1014)
(496, 873, 126)
(278, 108, 1797)
(185, 175, 1732)
(804, 775, 162)
(619, 285, 474)
(378, 31, 879)
(213, 521, 1857)
(749, 508, 715)
(42, 943, 1041)
(148, 584, 1704)
(331, 175, 964)
(495, 46, 1151)
(867, 113, 1709)
(995, 603, 1701)
(372, 347, 1930)
(561, 559, 204)
(321, 258, 1661)
(910, 817, 70)
(268, 340, 451)
(88, 477, 1846)
(597, 800, 1499)
(235, 350, 326)
(606, 302, 558)
(322, 130, 605)
(648, 458, 124)
(957, 64, 621)
(500, 462, 1304)
(852, 874, 1734)
(889, 736, 1324)
(73, 716, 316)
(103, 618, 939)
(877, 595, 1178)
(416, 105, 456)
(859, 447, 1213)
(436, 815, 126)
(453, 887, 710)
(124, 695, 1073)
(3, 46, 395)
(232, 290, 1564)
(798, 59, 597)
(744, 280, 785)
(429, 888, 141)
(47, 441, 248)
(848, 722, 1816)
(677, 269, 1019)
(233, 307, 1009)
(934, 475, 81)
(295, 414, 216)
(791, 165, 579)
(632, 429, 585)
(189, 237, 117)
(634, 586, 1632)
(46, 3, 395)
(248, 625, 1386)
(639, 128, 715)
(424, 859, 339)
(548, 294, 1742)
(733, 347, 715)
(399, 396, 517)
(146, 224, 1649)
(497, 550, 1981)
(478, 26, 139)
(336, 169, 1332)
(100, 210, 1279)
(456, 218, 567)
(284, 393, 1170)
(505, 153, 1121)
(485, 536, 1922)
(548, 826, 1897)
(199, 286, 425)
(755, 470, 120)
(900, 408, 768)
(888, 982, 893)
(444, 441, 1127)
(407, 551, 1287)
(487, 31, 1986)
(17, 840, 94)
(787, 83, 1611)
(986, 707, 1957)
(941, 813, 259)
(314, 608, 1889)
(596, 723, 424)
(6, 959, 823)
(596, 382, 1312)
(816, 956, 528)
(690, 199, 1632)
(191, 918, 127)
(268, 433, 633)
(17, 985, 1533)
(56, 716, 606)
(365, 340, 194)
(459, 915, 730)
(227, 399, 1491)
(172, 943, 393)
(763, 193, 1696)
(713, 244, 846)
(791, 477, 1858)
(34, 159, 713)
(682, 409, 728)
(633, 31, 1802)
(201, 438, 1107)
(84, 455, 1515)
(884, 800, 803)
(884, 157, 1439)
(975, 139, 743)
(789, 127, 841)
(118, 744, 554)
(502, 733, 291)
(744, 118, 554)
(160, 745, 114)
(305, 287, 759)
(344, 597, 456)
(418, 740, 1225)
(628, 880, 1581)
(665, 400, 1537)
(956, 356, 158)
(515, 225, 928)
(722, 748, 1688)
(842, 232, 431)
(648, 850, 1557)
(62, 678, 1048)
(966, 128, 1875)
(255, 524, 484)
(255, 91, 1250)
(918, 194, 627)
(135, 94, 1942)
(293, 738, 1374)
(3, 273, 1745)
(580, 898, 1207)
(557, 830, 1632)
(710, 865, 1909)
(599, 621, 587)
(871, 200, 1118)
(229, 669, 1487)
(81, 770, 1512)
(660, 471, 832)
(625, 403, 402)
(474, 27, 1826)
(402, 780, 364)
(311, 330, 1521)
(316, 418, 1366)
(776, 86, 826)
(850, 69, 63)
(799, 637, 801)
(891, 326, 345)
(763, 835, 490)
(321, 530, 818)
(127, 449, 1884)
(481, 271, 1986)
(738, 241, 466)
(56, 247, 1911)
(402, 360, 530)
(88, 20, 1378)
(727, 667, 167)
(761, 28, 184)
(58, 260, 1743)
(615, 340, 1674)
(452, 541, 763)
(374, 537, 495)
(9, 899, 257)
(677, 592, 959)
(345, 859, 1019)
(792, 396, 1415)
(592, 445, 1294)
(577, 15, 850)
(246, 146, 990)
(46, 495, 1151)
(302, 160, 58)
(342, 673, 1913)
(606, 146, 351)
(438, 544, 1295)
(955, 480, 1420)
(495, 28, 1686)
(78, 369, 1333)
(338, 835, 997)
(48, 255, 169)
(302, 606, 558)
(985, 613, 996)
(654, 665, 1847)
(514, 395, 298)
(516, 333, 1845)
(111, 235, 1565)
(757, 580, 844)
(696, 504, 1955)
(761, 974, 110)
(558, 832, 1835)
(117, 16, 1927)
(9, 191, 931)
(814, 867, 1673)
(356, 543, 110)
(547, 100, 1099)
(456, 921, 1129)
(608, 118, 1954)
(551, 302, 1747)
(885, 663, 835)
(572, 657, 1500)
(244, 728, 1969)
(443, 56, 912)
(100, 748, 676)
(249, 198, 1448)
(319, 815, 196)
(468, 619, 589)
(195, 725, 1557)
(452, 954, 1423)
(565, 19, 1996)
(861, 599, 1392)
(364, 145, 618)
(728, 495, 857)
(384, 548, 1948)
(302, 734, 1650)
(634, 652, 842)
(376, 116, 904)
(653, 310, 448)
(748, 610, 319)
(909, 908, 927)
(995, 241, 1605)
(14, 287, 1554)
(536, 497, 1625)
(955, 505, 1543)
(577, 433, 295)
(231, 403, 985)
(856, 846, 1303)
(779, 694, 999)
(145, 218, 1266)
(91, 255, 1250)
(14, 377, 1150)
(422, 257, 1981)
(573, 592, 244)
(646, 157, 60)
(868, 298, 372)
(806, 877, 1951)
(796, 964, 1615)
(135, 778, 569)
(893, 584, 600)
(468, 373, 1715)
(144, 926, 187)
(715, 949, 1555)
(551, 295, 160)
(607, 849, 491)
(442, 735, 1226)
(656, 944, 636)
(61, 482, 234)
(615, 959, 119)
(483, 198, 1003)
(929, 223, 1718)
(512, 323, 442)
(750, 727, 1158)
(927, 510, 1463)
(364, 707, 1171)
(240, 806, 636)
(112, 65, 1852)
(538, 998, 875)
(923, 53, 269)
(742, 843, 324)
(889, 645, 855)
(896, 30, 335)
(656, 93, 458)
(129, 744, 405)
(343, 318, 120)
(365, 809, 197)
(788, 103, 240)
(86, 484, 308)
(827, 4, 1203)
(60, 910, 153)
(683, 661, 1869)
(423, 60, 724)
(868, 322, 547)
(464, 51, 368)
(86, 489, 289)
(25, 206, 1111)
(233, 167, 820)
(105, 890, 721)
(342, 889, 1930)
(859, 989, 1969)
(843, 459, 1508)
(662, 781, 1225)
(131, 983, 335)
(787, 333, 721)
(150, 975, 1411)
(747, 622, 173)
(961, 900, 180)
(301, 870, 1158)
(893, 577, 615)
(35, 827, 1030)
(126, 605, 1720)
(128, 639, 715)
(889, 150, 988)
(368, 793, 400)
(862, 324, 198)
(592, 275, 1624)
(262, 312, 607)
(828, 537, 1867)
(244, 558, 303)
(309, 80, 288)
(444, 786, 1999)
(672, 936, 141)
(904, 215, 1829)
(964, 979, 1819)
(342, 603, 1816)
(592, 520, 1558)
(609, 686, 420)
(493, 549, 1512)
(186, 329, 450)
(316, 565, 568)
(962, 973, 206)
(373, 426, 1861)
(741, 808, 1491)
(448, 543, 1915)
(392, 502, 716)
(258, 362, 1142)
(804, 287, 414)
(152, 340, 733)
(808, 645, 587)
(533, 348, 534)
(584, 338, 1250)
(519, 884, 604)
(974, 860, 858)
(370, 45, 93)
(782, 135, 1587)
(199, 163, 206)
(231, 198, 568)
(12, 844, 1184)
(507, 396, 568)
(364, 421, 1364)
(535, 579, 1376)
(275, 2, 1574)
(441, 315, 1306)
(665, 654, 1847)
(333, 851, 1357)
(64, 489, 284)
(905, 741, 1380)
(928, 803, 1466)
(577, 143, 248)
(748, 886, 1359)
(750, 952, 1159)
(604, 88, 1276)
(987, 320, 201)
(271, 49, 1048)
(878, 657, 1498)
(327, 125, 1460)
(549, 409, 126)
(795, 175, 146)
(195, 827, 1596)
(816, 104, 920)
(36, 919, 95)
(277, 52, 446)
(986, 55, 226)
(533, 906, 1080)
(550, 600, 1488)
(58, 817, 575)
(605, 169, 835)
(21, 273, 1221)
(868, 852, 333)
(83, 811, 267)
(737, 169, 1418)
(980, 397, 895)
(73, 439, 1302)
(604, 305, 1166)
(125, 861, 632)
(936, 406, 520)
(221, 436, 1269)
(997, 435, 1207)
(213, 758, 1102)
(962, 887, 1169)
(525, 220, 313)
(428, 977, 1917)
(624, 724, 1043)
(253, 78, 659)
(950, 220, 451)
(898, 868, 1297)
(702, 877, 1682)
(793, 368, 400)
(547, 305, 1181)
(559, 397, 546)
(872, 461, 1980)
(818, 57, 352)
(340, 152, 733)
(692, 738, 479)
(166, 102, 1638)
(606, 343, 595)
(960, 83, 209)
(735, 442, 1226)
(285, 1, 529)
(4, 69, 558)
(48, 757, 1736)
(894, 590, 1262)
(723, 717, 664)
(587, 706, 1657)
(767, 522, 749)
(718, 826, 298)
(988, 805, 441)
(493, 385, 1241)
(55, 837, 1096)
(476, 731, 1907)
(81, 956, 1029)
(957, 563, 591)
(688, 41, 1861)
(959, 819, 1664)
(763, 171, 355)
(672, 280, 1197)
(620, 454, 149)
(525, 893, 1266)
(253, 257, 1266)
(73, 336, 467)
(608, 368, 1497)
(348, 515, 1601)
(167, 522, 1953)
(403, 653, 1935)
(701, 590, 1279)
(740, 418, 1225)
(497, 315, 1219)
(963, 981, 1592)
(39, 717, 1871)
(429, 267, 1418)
(506, 623, 871)
(819, 959, 1664)
(91, 276, 152)
(878, 869, 1306)
(590, 894, 1262)
(957, 191, 1546)
(904, 53, 1776)
(43, 547, 1843)
(299, 502, 209)
(452, 716, 773)
(394, 987, 1122)
(881, 314, 126)
(647, 528, 1867)
(510, 914, 1444)
(920, 149, 56)
(811, 83, 267)
(578, 945, 139)
(225, 607, 516)
(9, 410, 1356)
(615, 931, 1915)
(75, 388, 489)
(301, 23, 1064)
(615, 10, 1606)
(310, 653, 448)
(470, 827, 296)
(905, 135, 1408)
(373, 200, 198)
(202, 889, 131)
(349, 967, 1439)
(979, 547, 1624)
(599, 463, 645)
(229, 603, 1862)
(213, 70, 1945)
(880, 540, 1538)
(867, 658, 615)
(565, 716, 222)
(697, 956, 129)
(628, 976, 1125)
(459, 970, 1008)
(477, 487, 989)
(334, 607, 1201)
(300, 539, 769)
(445, 19, 1712)
(945, 458, 1593)
(547, 161, 478)
(569, 985, 361)
(586, 921, 116)
(931, 91, 1226)
(770, 791, 219)
(952, 750, 1159)
(482, 61, 234)
(518, 55, 1424)
(462, 500, 1304)
(210, 373, 1145)
(49, 987, 1369)
(432, 135, 1165)
(842, 165, 995)
(205, 591, 248)
(471, 799, 551)
(475, 375, 1888)
(760, 294, 1458)
(387, 746, 1836)
(686, 174, 702)
(100, 145, 687)
(543, 529, 860)
(983, 131, 335)
(839, 382, 302)
(626, 956, 321)
(842, 705, 1143)
(954, 560, 1715)
(812, 489, 1546)
(152, 618, 1328)
(562, 362, 693)
(228, 317, 1258)
(294, 548, 1742)
(556, 856, 1245)
(733, 901, 866)
(966, 870, 1220)
(399, 227, 1491)
(147, 378, 1207)
(130, 478, 734)
(295, 551, 160)
(595, 632, 1144)
(524, 255, 484)
(899, 9, 257)
(727, 448, 925)
(323, 349, 350)
(36, 20, 1948)
(972, 886, 1651)
(457, 588, 1611)
(441, 343, 423)
(866, 839, 764)
(80, 70, 208)
(318, 343, 120)
(517, 839, 707)
(407, 208, 753)
(462, 944, 326)
(429, 632, 585)
(818, 34, 412)
(910, 851, 1142)
(967, 941, 1761)
(568, 965, 1508)
(91, 993, 270)
(934, 660, 1696)
(514, 958, 147)
(500, 104, 1128)
(85, 300, 1800)
(142, 678, 1256)
(748, 233, 387)
(362, 706, 717)
(400, 145, 1494)
(22, 965, 1099)
(421, 357, 137)
(974, 453, 262)
(537, 374, 495)
(869, 684, 435)
(980, 417, 1880)
(546, 212, 1757)
(802, 74, 1851)
(470, 755, 120)
(804, 314, 1105)
(624, 507, 1919)
(537, 609, 490)
(757, 305, 1155)
(558, 777, 137)
(857, 663, 627)
(317, 506, 264)
(154, 967, 116)
(600, 628, 868)
(304, 17, 1252)
(268, 546, 1374)
(158, 257, 1368)
(810, 876, 1924)
(952, 274, 570)
(308, 139, 1999)
(53, 923, 269)
(826, 311, 1877)
(848, 419, 680)
(922, 611, 668)
(99, 747, 1368)
(557, 912, 71)
(82, 410, 945)
(27, 752, 817)
(780, 402, 364)
(305, 547, 1181)
(203, 256, 347)
(395, 909, 1688)
(221, 677, 537)
(864, 168, 312)
(130, 322, 605)
(943, 42, 1041)
(494, 92, 1136)
(464, 299, 1724)
(54, 487, 1818)
(800, 303, 1383)
(584, 55, 1691)
(369, 724, 491)
(750, 851, 1101)
(569, 709, 594)
(554, 492, 1695)
(38, 213, 1875)
(576, 684, 1512)
(413, 126, 1931)
(577, 563, 363)
(870, 301, 1158)
(939, 127, 891)
(981, 294, 498)
(710, 881, 51)
(223, 929, 1718)
(894, 679, 854)
(324, 862, 198)
(777, 518, 880)
(917, 526, 393)
(40, 78, 1613)
(157, 632, 841)
(689, 615, 131)
(200, 373, 198)
(943, 862, 1898)
(679, 785, 1077)
(699, 758, 1978)
(289, 816, 1068)
(52, 267, 1196)
(471, 148, 1078)
(290, 640, 1729)
(698, 261, 299)
(368, 608, 1497)
(791, 751, 1501)
(332, 11, 1008)
(441, 552, 791)
(869, 10, 99)
(835, 763, 490)
(450, 401, 1931)
(782, 587, 1592)
(89, 509, 1517)
(825, 126, 737)
(644, 19, 827)
(610, 338, 285)
(956, 797, 445)
(166, 796, 896)
(19, 445, 1712)
(409, 682, 728)
(707, 382, 1612)
(622, 747, 173)
(386, 930, 273)
(747, 215, 383)
(488, 392, 955)
(508, 916, 1570)
(969, 670, 413)
(537, 46, 1197)
(986, 619, 1070)
(765, 532, 1522)
(745, 817, 875)
(928, 571, 1002)
(32, 21, 1331)
(975, 150, 1411)
(215, 904, 1829)
(148, 257, 664)
(54, 166, 720)
(495, 353, 1185)
(852, 903, 1795)
(900, 877, 1487)
(407, 34, 220)
(874, 97, 1593)
(359, 657, 630)
(324, 457, 510)
(507, 994, 696)
(619, 986, 1070)
(477, 894, 1061)
(840, 22, 1881)
(95, 732, 268)
(42, 488, 60)
(78, 113, 564)
(810, 886, 1438)
(483, 886, 1351)
(374, 571, 1316)
(124, 842, 458)
(160, 312, 1612)
(378, 261, 458)
(861, 43, 1581)
(259, 495, 322)
(204, 68, 1121)
(575, 738, 1527)
(689, 890, 852)
(997, 385, 1352)
(417, 980, 1880)
(144, 794, 646)
(485, 359, 1864)
(821, 267, 1934)
(77, 461, 378)
(629, 539, 1447)
(151, 481, 861)
(279, 150, 969)
(128, 996, 822)
(220, 525, 313)
(817, 417, 1557)
(854, 101, 1010)
(26, 892, 1842)
(846, 394, 1772)
(915, 812, 226)
(568, 591, 59)
(437, 432, 527)
(845, 19, 592)
(442, 496, 334)
(890, 456, 1901)
(150, 799, 734)
(669, 229, 1487)
(410, 82, 945)
(301, 790, 524)
(214, 149, 1889)
(619, 67, 1768)
(563, 577, 363)
(971, 958, 1837)
(657, 878, 1498)
(239, 742, 62)
(408, 431, 1044)
(385, 865, 347)
(724, 125, 1853)
(13, 310, 661)
(547, 979, 1624)
(782, 597, 312)
(569, 623, 1055)
(454, 620, 149)
(805, 988, 441)
(221, 730, 733)
(681, 793, 230)
(59, 214, 265)
(934, 96, 1518)
(27, 474, 1826)
(918, 446, 1536)
(707, 364, 1171)
(694, 477, 1115)
(910, 990, 1835)
(51, 464, 368)
(766, 791, 1796)
(270, 569, 1169)
(805, 18, 1234)
(94, 861, 397)
(684, 869, 435)
(41, 688, 1861)
(771, 185, 1701)
(238, 691, 1670)
(435, 375, 140)
(764, 506, 1076)
(487, 727, 1571)
(329, 186, 450)
(458, 648, 124)
(185, 80, 459)
(403, 9, 901)
(223, 71, 1895)
(560, 895, 1689)
(577, 951, 885)
(248, 657, 530)
(653, 612, 1258)
(232, 384, 243)
(610, 832, 1127)
(409, 549, 126)
(60, 998, 975)
(54, 73, 441)
(570, 670, 103)
(40, 893, 470)
(863, 119, 1146)
(557, 94, 1418)
(743, 541, 565)
(958, 125, 1331)
(67, 494, 1216)
(140, 981, 452)
(298, 831, 1391)
(751, 791, 1501)
(990, 910, 1835)
(735, 516, 1468)
(39, 966, 1289)
(765, 515, 1693)
(814, 550, 991)
(946, 208, 392)
(765, 128, 368)
(659, 22, 801)
(375, 435, 140)
(990, 25, 541)
(711, 505, 979)
(975, 782, 1353)
(135, 532, 227)
(176, 587, 1089)
(254, 178, 1430)
(770, 443, 533)
(458, 129, 488)
(881, 43, 724)
(937, 662, 799)
(538, 297, 1368)
(204, 741, 337)
(208, 667, 274)
(83, 601, 637)
(128, 966, 1875)
(120, 861, 1789)
(62, 735, 1153)
(151, 247, 464)
(818, 102, 716)
(509, 442, 1864)
(804, 215, 1168)
(990, 315, 1288)
(846, 913, 1123)
(460, 116, 1045)
(832, 949, 1469)
(475, 94, 755)
(941, 312, 337)
(204, 706, 895)
(168, 383, 927)
(710, 481, 1355)
(379, 473, 185)
(213, 38, 1875)
(920, 205, 419)
(43, 821, 100)
(285, 171, 1267)
(312, 804, 600)
(603, 995, 1701)
(603, 342, 1816)
(767, 353, 1164)
(567, 836, 808)
(236, 495, 1805)
(647, 573, 1445)
(726, 493, 1861)
(316, 55, 479)
(917, 283, 1281)
(138, 332, 322)
(528, 255, 903)
(514, 845, 1724)
(924, 741, 1232)
(610, 541, 1729)
(200, 871, 1118)
(864, 937, 1725)
(648, 582, 1333)
(831, 917, 1575)
(996, 609, 1877)
(632, 382, 219)
(29, 742, 774)
(28, 991, 95)
(531, 753, 1011)
(509, 792, 1815)
(808, 908, 1811)
(218, 599, 268)
(415, 703, 1337)
(438, 442, 1073)
(208, 407, 753)
(171, 285, 1267)
(985, 430, 1080)
(83, 719, 1824)
(599, 693, 659)
(284, 385, 1358)
(984, 759, 1038)
(603, 229, 1862)
(680, 498, 175)
(1, 832, 737)
(182, 330, 242)
(554, 291, 1565)
(865, 385, 347)
(6, 203, 560)
(331, 880, 1623)
(353, 341, 729)
(855, 557, 970)
(396, 889, 876)
(213, 426, 1632)
(80, 309, 288)
(716, 867, 1069)
(389, 384, 966)
(817, 58, 575)
(525, 329, 1472)
(674, 78, 1630)
(451, 260, 458)
(696, 746, 1634)
(749, 672, 991)
(933, 707, 99)
(308, 301, 999)
(879, 123, 703)
(368, 555, 91)
(630, 823, 269)
(647, 778, 61)
(578, 95, 584)
(375, 637, 1376)
(946, 411, 1553)
(176, 418, 1829)
(286, 541, 1968)
(785, 321, 1547)
(634, 504, 1476)
(381, 878, 266)
(617, 981, 976)
(844, 461, 697)
(255, 184, 1570)
(906, 754, 1029)
(611, 922, 668)
(353, 505, 1322)
(250, 111, 111)
(949, 815, 1736)
(761, 484, 1853)
(402, 610, 1713)
(348, 125, 1768)
(862, 820, 1505)
(125, 659, 1521)
(421, 318, 1008)
(100, 848, 1609)
(335, 244, 1044)
(379, 324, 241)
(142, 829, 1545)
(127, 659, 223)
(471, 428, 433)
(432, 117, 315)
(883, 810, 1425)
(863, 437, 759)
(629, 338, 751)
(901, 733, 866)
(813, 619, 1354)
(929, 197, 749)
(304, 74, 460)
(127, 939, 891)
(914, 37, 1056)
(400, 104, 344)
(146, 187, 1216)
(55, 578, 1368)
(294, 318, 892)
(334, 812, 1626)
(79, 285, 1625)
(593, 716, 1061)
(657, 923, 287)
(982, 139, 1270)
(504, 285, 819)
(549, 887, 1612)
(967, 40, 489)
(272, 851, 201)
(775, 804, 162)
(809, 365, 197)
(611, 2, 1896)
(77, 791, 1268)
(443, 628, 1301)
(26, 541, 1337)
(338, 610, 285)
(95, 717, 326)
(310, 959, 1328)
(342, 590, 1647)
(878, 59, 774)
(937, 427, 418)
(538, 36, 1815)
(460, 240, 1253)
(745, 504, 303)
(62, 914, 1763)
(157, 197, 286)
(103, 194, 68)
(117, 589, 1025)
(515, 428, 611)
(804, 167, 113)
(601, 581, 1365)
(317, 449, 339)
(665, 274, 1977)
(540, 887, 162)
(888, 16, 847)
(228, 529, 1470)
(410, 9, 1356)
(283, 269, 281)
(191, 908, 1782)
(69, 697, 227)
(135, 117, 1457)
(932, 323, 1135)
(492, 554, 1695)
(574, 761, 720)
(612, 308, 745)
(957, 154, 1277)
(902, 176, 1774)
(65, 238, 1926)
(135, 905, 1408)
(617, 154, 454)
(728, 382, 405)
(285, 359, 1184)
(837, 901, 842)
(396, 507, 568)
(162, 466, 308)
(721, 836, 1872)
(589, 36, 515)
(187, 531, 1596)
(536, 74, 120)
(632, 569, 966)
(717, 777, 1953)
(651, 705, 900)
(402, 289, 1781)
(198, 249, 1448)
(560, 990, 1512)
(217, 949, 277)
(374, 8, 1530)
(59, 0, 868)
(4, 330, 419)
(704, 219, 1588)
(906, 550, 585)
(800, 884, 803)
(582, 569, 1018)
(623, 544, 1539)
(215, 413, 524)
(987, 428, 1348)
(507, 755, 785)
(716, 56, 606)
(536, 505, 639)
(183, 163, 123)
(442, 901, 397)
(96, 997, 1315)
(560, 954, 1715)
(723, 470, 94)
(698, 923, 573)
(104, 400, 344)
(451, 251, 128)
(329, 685, 554)
(65, 505, 1311)
(571, 928, 1002)
(329, 525, 1472)
(53, 948, 51)
(256, 288, 1101)
(193, 172, 1520)
(224, 943, 1803)
(957, 147, 1518)
(832, 558, 1835)
(375, 584, 1973)
(219, 756, 686)
(766, 797, 691)
(468, 960, 1372)
(360, 257, 408)
(658, 989, 479)
(290, 707, 228)
(803, 467, 1104)
(954, 682, 1181)
(591, 205, 248)
(888, 907, 57)
(856, 724, 1713)
(918, 721, 1683)
(551, 236, 636)
(728, 244, 1969)
(194, 103, 68)
(153, 947, 1827)
(296, 805, 926)
(944, 111, 191)
(328, 151, 1586)
(267, 821, 1934)
(204, 385, 560)
(84, 590, 99)
(186, 899, 1566)
(188, 995, 191)
(483, 392, 1888)
(85, 580, 1766)
(432, 437, 527)
(587, 782, 1592)
(684, 810, 1375)
(713, 914, 1901)
(473, 85, 1371)
(664, 576, 88)
(239, 272, 1165)
(431, 334, 1390)
(974, 861, 633)
(4, 448, 1956)
(596, 749, 770)
(832, 694, 1779)
(797, 956, 445)
(827, 112, 1875)
(928, 949, 842)
(230, 680, 1034)
(428, 987, 1348)
(955, 472, 427)
(947, 415, 902)
(731, 476, 1907)
(235, 2, 623)
(778, 906, 1910)
(842, 499, 1064)
(379, 650, 1272)
(774, 835, 1862)
(351, 278, 1339)
(939, 481, 1261)
(650, 219, 1142)
(318, 421, 1008)
(174, 686, 702)
(447, 826, 936)
(892, 26, 1842)
(678, 142, 1256)
(968, 37, 1697)
(145, 100, 687)
(606, 900, 1901)
(939, 612, 1622)
(920, 136, 1630)
(813, 941, 259)
(595, 774, 1769)
(243, 925, 663)
(10, 615, 1606)
(579, 535, 1376)
(448, 51, 182)
(194, 126, 1756)
(640, 332, 308)
(986, 575, 1876)
(74, 536, 120)
(697, 576, 1524)
(734, 302, 1650)
(116, 619, 1793)
(496, 271, 214)
(888, 513, 191)
(378, 667, 531)
(959, 382, 911)
(192, 8, 1735)
(121, 680, 1057)
(871, 546, 1958)
(639, 801, 982)
(358, 627, 941)
(532, 765, 1522)
(569, 272, 1958)
(343, 133, 198)
(932, 489, 1823)
(418, 316, 1366)
(771, 470, 1911)
(720, 356, 1023)
(573, 94, 755)
(595, 49, 1024)
(310, 841, 1380)
(279, 642, 1345)
(745, 342, 1485)
(227, 352, 1883)
(656, 475, 598)
(394, 846, 1772)
(87, 128, 834)
(929, 126, 979)
(695, 26, 1690)
(184, 278, 545)
(353, 767, 1164)
(683, 993, 714)
(22, 392, 1021)
(615, 852, 452)
(716, 565, 222)
(637, 295, 809)
(714, 555, 1228)
(13, 280, 1232)
(514, 722, 90)
(125, 958, 1331)
(241, 971, 1644)
(493, 58, 589)
(874, 805, 1411)
(968, 572, 755)
(795, 167, 1059)
(113, 889, 1214)
(119, 597, 1098)
(113, 413, 1026)
(31, 633, 1802)
(837, 694, 936)
(839, 153, 784)
(808, 741, 1491)
(720, 903, 139)
(19, 565, 1996)
(295, 142, 1228)
(23, 944, 1389)
(628, 443, 1301)
(409, 826, 188)
(543, 356, 110)
(340, 127, 1877)
(359, 429, 1414)
(270, 903, 1820)
(136, 979, 503)
(204, 687, 1881)
(749, 558, 1913)
(955, 516, 1278)
(974, 352, 621)
(595, 621, 1117)
(944, 462, 326)
(817, 539, 1119)
(746, 387, 1836)
(486, 816, 80)
(233, 748, 387)
(677, 771, 632)
(416, 769, 175)
(347, 372, 1930)
(205, 920, 419)
(556, 896, 1495)
(960, 793, 1893)
(302, 551, 1747)
(869, 455, 1053)
(465, 62, 159)
(65, 920, 501)
(43, 861, 1581)
(711, 985, 241)
(322, 761, 768)
(51, 47, 512)
(444, 868, 1595)
(660, 934, 1696)
(457, 324, 510)
(592, 677, 959)
(481, 939, 1261)
(794, 755, 1414)
(724, 624, 1043)
(637, 401, 757)
(677, 176, 1637)
(759, 323, 1679)
(937, 67, 1558)
(342, 745, 1485)
(188, 67, 750)
(426, 306, 1866)
(500, 477, 1035)
(120, 46, 244)
(377, 14, 1150)
(86, 776, 826)
(214, 317, 1722)
(949, 715, 1555)
(45, 370, 93)
(146, 126, 1280)
(827, 35, 1030)
(665, 759, 1795)
(593, 882, 544)
(577, 405, 1115)
(150, 889, 988)
(615, 128, 309)
(174, 5, 82)
(741, 905, 1380)
(656, 926, 1012)
(624, 136, 371)
(329, 918, 427)
(632, 595, 1144)
(53, 904, 1776)
(595, 875, 353)
(431, 408, 1044)
(685, 82, 1656)
(368, 994, 1747)
(910, 307, 132)
(505, 854, 1378)
(198, 325, 1059)
(94, 557, 1418)
(334, 86, 427)
(628, 826, 1357)
(393, 162, 1822)
(956, 881, 1619)
(78, 638, 778)
(993, 91, 270)
(95, 184, 1119)
(93, 883, 1069)
(874, 339, 1593)
(273, 209, 1039)
(948, 477, 887)
(590, 342, 1647)
(597, 500, 132)
(716, 452, 773)
(609, 6, 584)
(537, 828, 1867)
(441, 47, 248)
(745, 609, 79)
(999, 177, 183)
(995, 858, 385)
(49, 271, 1048)
(500, 686, 1797)
(88, 222, 603)
(269, 951, 1094)
(787, 147, 1785)
(182, 173, 158)
(820, 922, 888)
(403, 231, 985)
(564, 970, 1111)
(799, 697, 763)
(941, 80, 152)
(761, 186, 195)
(193, 50, 1226)
(799, 507, 670)
(193, 936, 946)
(68, 204, 1121)
(643, 70, 144)
(252, 539, 1508)
(570, 266, 1061)
(272, 569, 1958)
(41, 486, 632)
(478, 77, 176)
(759, 665, 1795)
(280, 393, 94)
(977, 486, 647)
(79, 127, 1858)
(584, 375, 1973)
(657, 359, 630)
(380, 861, 1605)
(425, 102, 1098)
(846, 129, 1659)
(972, 403, 1332)
(277, 707, 587)
(25, 461, 1129)
(868, 55, 110)
(615, 517, 1601)
(806, 447, 573)
(501, 101, 802)
(980, 307, 1148)
(121, 687, 454)
(30, 740, 384)
(931, 602, 233)
(889, 951, 986)
(517, 615, 1601)
(736, 279, 799)
(996, 278, 1246)
(990, 396, 732)
(404, 428, 951)
(481, 534, 1030)
(245, 96, 1793)
(687, 121, 454)
(500, 597, 132)
(415, 145, 1040)
(407, 620, 1432)
(238, 65, 1926)
(883, 345, 1170)
(900, 803, 1704)
(406, 11, 1601)
(523, 239, 1750)
(145, 415, 1040)
(304, 18, 1934)
(877, 845, 846)
(694, 884, 1873)
(382, 705, 891)
(366, 944, 1773)
(934, 573, 151)
(497, 74, 1483)
(886, 748, 1359)
(548, 410, 292)
(88, 716, 1376)
(356, 720, 1023)
(638, 124, 189)
(939, 594, 815)
(731, 932, 1135)
(808, 818, 717)
(181, 976, 712)
(771, 285, 1020)
(516, 405, 283)
(520, 592, 1558)
(560, 621, 938)
(10, 969, 1143)
(856, 606, 166)
(854, 505, 1378)
(104, 877, 522)
(892, 593, 1448)
(14, 240, 1780)
(731, 981, 1042)
(717, 452, 1584)
(75, 777, 1344)
(781, 876, 1329)
(151, 807, 790)
(810, 684, 1375)
(557, 742, 1039)
(101, 854, 1010)
(174, 352, 1179)
(503, 673, 755)
(967, 636, 454)
(305, 582, 58)
(785, 912, 723)
(199, 93, 575)
(716, 73, 316)
(793, 74, 1588)
(222, 684, 1578)
(546, 622, 1396)
(465, 966, 1993)
(562, 492, 1509)
(46, 229, 1702)
(563, 957, 591)
(447, 492, 1688)
(197, 391, 287)
(769, 676, 663)
(435, 997, 1207)
(238, 59, 913)
(261, 698, 299)
(771, 41, 994)
(81, 185, 889)
(280, 407, 1040)
(836, 610, 623)
(448, 931, 1794)
(236, 551, 636)
(513, 244, 1398)
(712, 658, 560)
(643, 888, 1763)
(695, 595, 587)
(637, 799, 801)
(132, 235, 464)
(722, 194, 348)
(826, 579, 644)
(321, 785, 1547)
(124, 931, 778)
(212, 190, 280)
(34, 407, 220)
(752, 27, 817)
(663, 129, 1025)
(276, 562, 920)
(758, 1, 393)
(407, 280, 1040)
(562, 276, 920)
(817, 745, 875)
(910, 636, 239)
(643, 369, 307)
(713, 622, 424)
(331, 254, 136)
(805, 355, 389)
(728, 643, 835)
(347, 751, 339)
(573, 116, 1375)
(574, 98, 76)
(869, 212, 1531)
(575, 986, 1876)
(190, 214, 1500)
(122, 744, 1609)
(377, 352, 622)
(429, 359, 1414)
(174, 477, 880)
(568, 620, 1416)
(788, 338, 313)
(570, 653, 1629)
(185, 771, 1701)
(665, 9, 1131)
(404, 91, 715)
(667, 727, 167)
(463, 918, 247)
(725, 111, 219)
(822, 860, 464)
(746, 164, 752)
(305, 604, 1166)
(675, 685, 637)
(214, 59, 265)
(483, 372, 158)
(200, 661, 766)
(517, 856, 1148)
(477, 174, 880)
(558, 577, 360)
(26, 478, 139)
(376, 76, 1684)
(502, 299, 209)
(730, 720, 177)
(116, 460, 1045)
(584, 148, 1704)
(586, 195, 1128)
(680, 847, 423)
(329, 1, 1694)
(455, 84, 1515)
(75, 775, 1107)
(884, 567, 61)
(967, 349, 1439)
(80, 671, 926)
(778, 647, 61)
(585, 9, 1987)
(197, 504, 1087)
(659, 453, 356)
(218, 456, 567)
(560, 0, 1390)
(238, 911, 560)
(21, 32, 1331)
(3, 518, 718)
(669, 228, 1314)
(727, 487, 1571)
(817, 964, 979)
(597, 119, 1098)
(378, 719, 1313)
(90, 536, 1996)
(732, 95, 268)
(290, 230, 499)
(915, 339, 900)
(627, 358, 941)
(223, 619, 1203)
(612, 498, 1504)
(723, 666, 1408)
(918, 191, 127)
(151, 328, 1586)
(942, 632, 1779)
(887, 962, 1169)
(528, 988, 253)
(176, 193, 1109)
(657, 248, 530)
(875, 577, 207)
(103, 333, 1045)
(272, 239, 1165)
(765, 521, 1606)
(720, 953, 1936)
(430, 985, 1080)
(919, 749, 1098)
(539, 252, 1508)
(740, 30, 384)
(5, 253, 331)
(119, 863, 1146)
(390, 659, 546)
(48, 577, 968)
(374, 930, 1292)
(30, 15, 1375)
(639, 423, 1108)
(407, 341, 355)
(198, 43, 1120)
(506, 680, 1279)
(925, 243, 663)
(129, 846, 1659)
(421, 205, 188)
(684, 691, 1828)
(456, 522, 896)
(707, 594, 1992)
(504, 834, 1189)
(835, 774, 1862)
(836, 306, 1475)
(903, 720, 139)
(17, 304, 1252)
(914, 62, 1763)
(806, 240, 636)
(383, 458, 1768)
(423, 639, 1108)
(994, 368, 1747)
(188, 408, 284)
(856, 525, 821)
(542, 928, 1201)
(905, 724, 1751)
(194, 722, 348)
(136, 863, 1355)
(341, 407, 355)
(986, 99, 1659)
(531, 187, 1596)
(456, 895, 1818)
(286, 777, 1850)
(871, 348, 1757)
(295, 805, 1576)
(333, 787, 721)
(225, 178, 1816)
(418, 838, 1916)
(449, 459, 694)
(856, 556, 1245)
(202, 943, 1059)
(822, 542, 1067)
(70, 275, 1661)
(146, 992, 434)
(518, 410, 782)
(234, 881, 1282)
(59, 238, 913)
(611, 525, 434)
(102, 166, 1638)
(357, 354, 700)
(949, 673, 671)
(462, 775, 1341)
(454, 59, 1307)
(266, 473, 285)
(838, 323, 636)
(82, 685, 1656)
(129, 663, 1025)
(987, 49, 1369)
(487, 54, 1818)
(795, 150, 145)
(457, 484, 1757)
(998, 60, 975)
(976, 181, 712)
(294, 529, 298)
(74, 802, 1851)
(558, 119, 1435)
(652, 387, 272)
(194, 698, 1044)
(966, 39, 1289)
(605, 536, 126)
(733, 147, 1218)
(145, 906, 453)
(111, 538, 1198)
(295, 845, 1001)
(207, 586, 1068)
(281, 378, 1333)
(698, 999, 853)
(836, 567, 808)
(637, 375, 1376)
(505, 353, 1322)
(675, 6, 1161)
(821, 43, 100)
(718, 567, 418)
(612, 939, 1622)
(222, 953, 129)
(868, 74, 666)
(833, 56, 562)
(906, 990, 829)
(869, 938, 1060)
(727, 362, 1634)
(436, 221, 1269)
(234, 333, 1862)
(452, 260, 1991)
(73, 54, 441)
(572, 968, 755)
(770, 57, 1512)
(931, 448, 1794)
(663, 165, 1746)
(832, 368, 686)
(334, 431, 1390)
(82, 188, 1521)
(484, 761, 1853)
(717, 39, 1871)
(197, 157, 286)
(876, 931, 495)
(437, 25, 105)
(798, 258, 550)
(793, 958, 1870)
(202, 572, 344)
(99, 493, 768)
(797, 990, 883)
(540, 880, 1538)
(63, 166, 1902)
(913, 351, 1588)
(198, 483, 1003)
(36, 538, 1815)
(163, 146, 1615)
(953, 251, 783)
(534, 487, 1056)
(498, 680, 175)
(171, 824, 1716)
(80, 787, 51)
(145, 400, 1494)
(910, 60, 153)
(343, 606, 595)
(254, 800, 430)
(435, 966, 1349)
(493, 99, 768)
(170, 723, 842)
(808, 19, 654)
(653, 149, 1265)
(266, 120, 846)
(441, 444, 1127)
(164, 309, 1653)
(899, 186, 1566)
(297, 8, 616)
(24, 597, 1047)
(505, 955, 1543)
(833, 820, 1033)
(425, 807, 229)
(561, 338, 1710)
(919, 36, 95)
(373, 468, 1715)
(559, 341, 1363)
(341, 955, 829)
(308, 447, 210)
(550, 906, 585)
(536, 485, 1922)
(857, 355, 149)
(849, 607, 491)
(132, 109, 1233)
(260, 58, 1743)
(405, 516, 283)
(134, 535, 747)
(428, 338, 493)
(799, 546, 1757)
(853, 843, 703)
(305, 858, 1350)
(512, 414, 1268)
(126, 825, 737)
(199, 488, 724)
(769, 980, 186)
(934, 46, 1710)
(458, 383, 1768)
(756, 58, 1642)
(9, 403, 901)
(480, 954, 137)
(62, 373, 657)
(743, 321, 95)
(546, 799, 1757)
(600, 550, 1488)
(670, 969, 413)
(759, 984, 1038)
